step: 0 | loss: 5.240671
step: 1000 | loss: 4.110073
step: 2000 | loss: 3.996341
