step: 0 | loss: 5.335244
step: 1000 | loss: 4.151503
step: 2000 | loss: 3.960806
step: 3000 | loss: 3.865721
